0.014975428317901385
-0.09333410272997415
0.30555678013750737
0.022361033230511
0.14285251748871836
0.3100282911714916
-0.26891925496374636
0.22270827252949127
-0.3643526757500265
0.07165691911684224
0.1533007434306884
-0.020515301428901664
-0.2400703379653651
-0.12544512224102583
0.31179453618798436
-0.42332977562096386
-0.18188800391787008
-0.1661431761252205
-0.0620094647667795
0.02134578613340235
-0.5233602057463405
0.11056824606362847
0.11598165768603774
-0.2515802782677378
0.14610712369343407
0.13884103876926862
-0.30495699841393814
-0.038646584131638406
-0.3065376143016144
-0.3892999881678204
0.20564567019589555
0.31483682409171165
0.05597431719097149
-0.22611299702396653
-0.34117991595856734
-0.13517798436163417
-0.12689978286733902
0.043411095896310176
-0.38678536627101107
-0.4723699201111889
0.3761388546481231
0.3516660615866226
0.10352794919501895
0.18891801416884454
-0.1369267872352287
-0.7256206193093151
-0.363886571662542
-0.4170017297608303
0.30736966380168895
0.6238355473899853
0.134539476991954
-0.378192711774359
0.04944430745524314
-0.39250061899333144
-0.34273593211349074
-0.5319057420764335
-0.07387426437831474
0.3369120961081863
0.21575584651117705
0.26835221215690863
0.04845698766279549
-0.18519235978521012
0.2856127920453155
-0.36190208605725893
-0.1349516231737994
0.1659220899553755
-0.15446918802121187
-0.12709219969669308
-0.08926774932933783
0.07391567953280397
0.3267778787982197
0.42454466419210024
0.1719671062948343
-0.008616629800801107
0.11092215234853589
-0.14201266608147217
0.060666285435695265
-0.4069294106360968
0.15458890415163515
-0.25358055067066126
-0.026527763675693747
0.10196801079814644
0.32728357615331
0.12500783770246907
-0.028845436553314008
0.10550589565643197
0.1355146144331077
0.14869718084454198
0.4789498656301763
-0.24638570170709778
0.36641462375589934
-0.03891248314994172
-0.40201255691953547
0.009558498748815647
0.0038497048942513212
0.21563610372401568
-0.07816659975280829
0.4126267143852459
0.6674367329027402
0.09928522343498515
-0.0896261243818543
0.23763847771470317
-0.09364198261413673
0.13426033495120074
0.2066894104371355
-0.2008202771392038
-0.0033014982403426485
0.5765925703038122
0.05466299536537678
0.019689190550108995
-0.05031483276795401
-0.21856184271638993
-0.1288814712432599
-0.44375994126859336
0.03985140942959471
-0.16483077405433377
-0.13981006460243783
-0.2479307336637162
0.20505778070593694
0.011065945607898267
-0.03596409150256111
-0.32238194015635613
0.46679620453153137
0.023069368944947863
0.24150516356290375
0.41105419050426206
-0.1742268085921071
-0.2598529915389279
0.12721389784104753
0.32664407486451164
-0.5242011443232665
-0.3303342217212238
0.32364127460240083
0.0026233821047092903
-0.13492646312999543
-0.029283475121966517
0.030614633956457332
0.35401581275697125
0.311980827019557
0.3574970025075764
0.08524206415118975
-0.19642737632982038
-0.27098398513824784
-0.006794460536435398
0.06433779305069565
-0.04719995496709331
-0.3932505593829067
0.18009522549663926
0.13817403158411
0.17494998602494266
0.18445640243576134
-0.13280578228087894
-0.1491903603954295
-0.10345944549495488
-0.24895000323521543
-0.07978402424427677
-0.20566155771870182
-0.3865107858137186
0.3516315989528503
0.4548495165974574
0.25925178117791564
-0.09127990801861682
0.13956544915668748
0.3326999715863894
0.020660127204537193
0.40248486447754817
-0.09945339826539934
-0.05151693878922904
-0.010219857156055001
-0.09382577243795684
-0.5361843380570799
0.10191754765967483
-0.1298425339336382
0.09407159635511489
-0.5401492284273375
0.08708972936078041
0.2848703197248044
0.5317164292506737
0.0004594837205280436
0.251965362158161
0.4982363284019168
-0.3265879485717424
0.4304446801226117
-0.19194312971713548
-0.22227383009990054
-0.19454388007958484
-0.14767501485350126
-0.03992942240551163
0.2197597874641576
0.3439823139643586
0.006896785948581258
0.29222271368534347
0.2084420471256281
-0.6612343531954092
-0.1710064596721379
-0.10086778133615482
-0.038847303287138646
-0.20955056609101708
0.19595051057405524
-0.3170790628369448
