6.622759e-01
-1.937162e+00
4.954234e-01
6.413438e-01
1.360854e+00
5.175816e-01
-2.274390e+00
2.098009e-01
7.624647e-01
1.152950e+00
-4.722479e-02
9.437452e-01
6.076830e-01
3.123551e+00
6.806871e-01
4.792166e-01
1.089367e-02
-1.561262e+00
-9.890187e-01
4.270128e-02
-6.190792e-01
1.253496e-01
1.791248e-01
-6.324179e-01
7.275472e-01
9.782258e-01
-2.099337e-01
1.271579e+00
-1.698209e+00
-3.642596e-01
-9.609253e-01
-1.093638e+00
-2.363257e-02
-5.598210e-01
6.026894e-02
-5.737021e-01
1.076484e+00
8.551575e-01
-7.548011e-01
-1.447815e+00
1.123063e+00
1.719938e-01
2.083341e-01
1.345885e+00
7.901334e-01
8.589887e-02
-1.435702e+00
-9.679943e-01
2.394885e-01
1.519751e+00
-5.227150e-02
-1.112933e+00
4.813754e-01
-4.446248e-01
-1.066778e-02
-3.560259e-01
2.029362e+00
-2.193508e+00
-9.578314e-01
1.674458e+00
2.150068e+00
7.584618e-01
-5.901565e-01
-1.967188e+00
-3.853112e-01
-8.998654e-01
8.593287e-01
-7.026166e-01
-1.547015e-01
-1.851435e+00
4.816049e-01
1.804262e+00
8.984794e-01
1.543720e+00
1.872805e+00
-3.251679e-03
-2.620001e-01
1.606077e+00
-1.055359e-01
-8.573090e-01
-5.495670e-01
-8.971655e-01
-4.365545e-01
-8.314389e-01
-2.039650e-02
5.003914e-01
2.289598e-01
4.701557e-01
1.995005e-01
-1.296171e+00
-1.725400e-01
-6.919916e-02
-1.227311e+00
1.910153e-01
1.474241e-01
-9.719175e-02
2.274498e+00
-1.837343e-02
-2.798122e-01
2.005136e+00
-2.460121e+00
6.814988e-01
-1.999234e+00
-1.233919e+00
4.538492e-01
1.521099e+00
-2.058112e-01
1.016216e+00
-4.573174e-01
-5.999571e-01
-1.566207e-01
-1.109737e+00
3.056495e-01
-5.471098e-01
7.080252e-01
2.891132e-01
1.561184e-01
1.343360e+00
-4.400542e-01
-9.629653e-01
-5.942048e-01
-2.901463e-01
-1.240064e+00
2.199123e-01
8.163520e-01
9.276595e-01
-2.296575e-01
9.948972e-01
-7.408437e-01
1.411963e+00
-1.055931e+00
-1.974717e-02
9.916630e-01
-9.972820e-01
2.308202e-01
-3.795293e-02
-2.166622e-01
8.964838e-01
7.255559e-01
6.028007e-01
3.826580e-01
1.116609e+00
-5.715824e-01
-1.341516e+00
1.312639e+00
-1.114303e+00
1.675068e-02
2.257328e-01
-9.976715e-01
-1.732078e-01
6.811110e-01
-1.128417e+00
-1.334599e+00
-1.713980e+00
-8.110609e-01
6.994591e-01
-2.176088e-01
-5.114476e-01
9.714568e-01
4.389384e-01
1.275753e+00
-3.796198e-01
1.866350e+00
1.797259e+00
-2.696232e-01
-2.314968e-01
-1.761902e-01
2.771837e-01
8.929160e-01
-1.137962e+00
2.282980e-01
4.438470e-01
-3.614467e-01
-1.741775e+00
-1.832254e+00
-6.458414e-01
-1.041551e+00
2.028926e-01
1.187334e+00
2.265938e-02
7.479174e-01
-6.013279e-01
3.650889e-01
-2.502874e-01
-6.084836e-01
1.420997e-01
3.514057e-01
-5.268184e-01
1.386903e-02
-1.915483e+00
1.343554e+00
2.216665e-01
3.730220e-01
-1.095461e+00
1.542637e+00
1.385787e+00
-8.743459e-01
-1.108956e+00
-1.331321e+00
-8.515526e-01
