4312
8318
10874
55143
55388
991
6280
2305
9493
1062
3868
4605
9833
9133
6279
10403
8685
597
7153
23397
6278
79733
259266
1381
3627
27074
6241
55165
9787
7368
11065
55355
9582
220134
55872
51203
3669
83461
22974
10460
10563
4751
6373
8140
79019
820
10635
1844
4283
27299
55839
27338
890
9415
983
54821
10232
4085
6362
9837
5080
7850
81930
5918
81620
332
55765
79605
3832
6286
5163
2146
3002
50852
7272
2568
64151
51806
366
2842
9212
140578
51659
8715
4902
8208
1111
9319
9055
3833
146909
23475
4321
11182
10112
3902
3620
3887
51514
6790
4521
891
57110
8544
1448
24137
6355
10578
4174
9232
10855
9355
29968
3695
6999
4001
4171
2921
6664
7941
1033
6364
23532
81569
9928
1164
3161
3595
11004
993
4603
8061
57348
79801
419
990
5347
29851
29127
4102
26255
55215
2173
4318
4105
5004
701
2633
23630
11274
55723
4069
51512
9568
55635
9156
11130
81570
10024
4818
79682
6712
4061
3576
51442
1978
1515
26227
4821
2001
57405
55110
79852
10615
8836
8581
6890
875
28823
10321
3159
58473
53335
1894
79075
79623
2491
1521
80305
7980
8438
9636
9700
1503
51155
6689
5888
29909
7083
333
898
79094
3149
23594
56992
23413
56649
3898
28424
952
26279
8792
3294
79725
1493
6352
25907
9768
80020
6663
51378
8842
4998
11339
3070
57211
4288
7804
10733
339479
3613
7453
6536
797
7037
1163
6884
1001
26472
1824
5026
81831
3934
59272
154754
4316
54801
9134
445
4599
2175
1717
4175
9435
83937
4173
54210
26150
54959
23560
1075
55711
9603
65009
5307
10797
10663
2237
3755
56833
5214
29899
2019
4199
10549
3932
10926
56938
8139
80380
54962
713
55010
3110
6502
55633
59336
56942
4111
7378
440
5551
55353
55612
6627
133
5100
3559
91646
54954
22948
768
79315
1230
79943
55526
4597
2537
200315
23007
8538
5984
3823
128872
6772
51311
26692
994
79931
6347
7345
3507
30848
29094
9654
78997
9918
712
29980
11240
51373
79581
6402
639
29028
94025
7298
2888
53347
8875
3838
1058
84296
914
54478
51338
5320
29078
64581
3126
8833
5650
3112
11135
1690
57823
8326
3015
2643
699
10437
3768
932
50802
1482
54913
5645
221692
29088
4609
3945
3537
65263
6557
3001
1299
6491
8767
5341
81611
8437
29767
8000
2020
1063
3561
8190
6319
6713
4324
51237
262
85236
10481
91543
2533
3973
5111
1356
6351
3429
80830
23590
10397
28227
116372
7399
5871
54845
9982
8624
5688
9688
79734
5365
2707
3055
1237
84823
7504
10212
6614
5317
917
80133
924
27346
64785
55975
50515
5709
5544
28639
9401
29881
6472
26271
6751
6508
51411
54901
1236
25975
55630
60482
219595
51026
64180
55055
51388
55506
51053
641
1869
79739
8200
3101
9650
78999
79805
6770
80157
10535
1475
3775
10859
6496
330
6590
4948
26330
54039
794
11009
6317
4477
57706
5268
6715
9332
9366
1029
313
3654
3608
28998
362
9447
55247
5698
1763
51765
27255
2709
1719
222255
80339
1054
3948
54541
79745
54149
8872
3897
11341
65260
55423
727897
4830
8543
1051
10669
136
4050
5898
63893
6943
3574
3437
3925
10328
5194
705
79007
84900
1412
29967
9388
4115
8970
51182
54892
3575
8357
4904
64108
919
81693
4860
3024
8838
4651
3854
22808
23109
2515
51337
10380
22797
915
28778
51191
23231
6535
84223
55503
22806
4067
140883
80896
8564
6354
3806
7412
5646
23788
9289
5266
8894
29901
64943
92211
1122
55159
11184
2730
114
5693
2178
10331
8317
22798
4496
4938
864
55554
93594
55003
3495
56943
7277
6576
80150
4940
23603
10205
2821
55544
3859
5427
55365
28999
57152
54532
11260
79412
608
1535
56660
1364
200424
1138
5226
29799
8941
336
11172
27240
3458
8372
23649
7086
4112
2957
57103
9143
1520
51302
9601
6017
341
84789
26
81873
55117
2766
6247
959
1789
9046
4176
2617
2359
23246
6634
28231
8435
1841
2005
7112
51458
7296
3903
5613
6489
5902
63933
645745
6564
9712
58516
6572
55237
80142
7032
430
2642
1537
5713
2676
2297
85377
4200
26211
27242
5336
416
10643
8942
4783
3824
7111
2296
3148
55687
11151
80155
55008
8525
192666
9473
116832
5670
5471
55794
5723
10963
440193
2950
3418
10036
3422
8092
91353
26707
8645
10562
3162
321
51083
27285
7136
5449
3930
9258
6273
9758
9420
1043
2841
3702
8424
79139
925
3068
4688
5031
5146
57051
79980
7167
3006
54512
23480
29887
5653
3804
5973
55915
10799
9585
51287
9377
9454
4953
3757
1302
4159
6515
5459
5435
4436
1594
6631
79650
51316
5982
6870
9735
27235
28959
5641
6182
3957
389906
9705
55732
50617
64757
11314
79832
8565
5450
64135
10257
8302
586
10907
8820
908
3351
8638
11047
5557
5721
79016
79888
28755
92815
81624
56157
51001
2584
10950
2810
3003
29105
23310
139081
55697
50615
6541
4502
23764
974
2171
942
80774
5691
28831
9791
3066
3737
54205
4100
78990
80328
5496
8547
8557
2304
26228
9595
23464
24147
1871
55840
7103
1031
5499
283345
2120
24
57016
64208
30001
8708
9496
2253
51650
79915
1880
6897
11169
2529
1749
27022
51022
9145
3889
55726
91860
10964
8607
64761
10195
779
51557
63976
84733
80207
56926
645961
1812
2867
8336
54972
578
55176
10130
30968
51224
8877
80086
3329
4829
5202
3753
9088
4501
8876
969
64211
6916
353
58
245
26538
15
2830
1439
3514
1116
9933
3008
995
2224
3381
292
6632
119
55027
10051
6283
11332
1991
79908
79703
3853
1557
1807
4626
26584
5778
11262
54503
10576
30012
1104
10288
867
7127
55379
11254
10072
10507
2996
3208
55034
10936
3783
80178
1411
4600
4064
5685
84790
10225
78995
9235
2070
26502
10650
7468
4072
9889
2956
1019
284403
51642
25939
9141
55079
6361
55299
23547
160313
5024
90665
8530
10897
22895
11330
29986
9997
3810
7290
2597
23676
8568
10449
1794
7545
637
483
55907
7398
9087
4109
23753
3009
963
6183
5230
51733
8549
81030
795
3689
5788
3062
85865
7884
56913
5359
5558
4172
8608
23481
9631
5479
5424
6783
976
7444
1234
10606
117247
5271
2023
79866
7336
3182
55640
916
55076
2058
467
7096
7262
274
10644
259197
57180
3383
11173
5690
2140
9466
4068
2999
5684
51471
10553
962
81796
54849
54768
56902
1795
23250
83990
7380
10682
51352
6748
10821
5885
813
3937
9188
664
9048
100505879
4939
1132
80124
51266
239
54496
6367
79747
30009
80117
124222
2539
54752
5686
2207
10591
5695
5616
575
2762
79017
8884
11200
4828
3394
1834
28969
55131
29923
1961
2210
5223
51012
1633
16
11040
8514
10263
60436
2840
51142
4116
10525
6611
11168
10849
1434
3697
9032
706
5806
6375
6374
203068
10652
5552
7027
54504
7295
495
3475
1514
79140
7428
27440
9123
80775
3250
100
2525
27293
92154
340591
56993
3696
7473
7374
1088
55856
79879
56269
53637
1317
22943
2072
54815
3600
3659
838
10213
23507
2919
93081
6513
375035
79152
4647
57553
9824
2290
1875
79174
64405
22843
6696
64129
191
3549
6185
79000
23457
1644
1802
923
55038
7004
3291
10954
8807
3290
940
166614
5831
55287
6641
50814
5042
81618
26511
7353
4507
1761
8698
23185
22827
58528
10866
5447
7088
60484
3638
4110
23175
64092
3028
8099
2797
55144
84561
23586
79713
56935
51599
2251
51491
10059
84722
3177
2219
9425
51029
29097
4839
3735
10280
8345
7873
3929
5052
3195
6624
409
29948
5301
55346
2634
6873
8566
54442
7534
4793
1852
51115
4759
55092
29895
7283
8761
1469
6636
56888
80010
23198
873
491
57017
1944
9806
55280
7805
4360
57819
8883
2984
2591
971
3936
1476
55858
10381
2673
4726
2189
6510
9618
5983
5955
79853
100505933
51647
5208
80758
5603
51154
80308
10541
2792
1024
5440
939
23306
2138
4678
4063
8989
2289
1652
50837
22929
6360
6646
6285
4689
5880
7979
80128
1464
57817
4522
92822
58478
6888
115653
4771
9051
2665
7128
5588
22802
10942
55847
1951
3376
79693
10247
4704
2254
10220
23287
5355
10105
3434
9600
3965
54908
9034
8751
9095
10592
25841
10648
8710
6891
100127886
79968
9308
6396
6329
51296
29902
219
8914
2553
50
51377
79924
10808
79074
9111
4683
7363
1737
1943
81622
215
3052
55759
6732
1445
5106
9542
4210
81034
1244
51755
4190
5210
671
51081
54069
23165
7913
10200
7422
6338
27341
5315
56143
65265
4494
8601
1184
3344
50700
865
147
55257
257
10148
221061
9929
56033
57228
10626
6406
3251
6404
5834
1463
9328
3433
8662
8988
10383
3467
9100
1158
22983
6637
6357
10287
3276
10360
5822
86
3738
11321
8270
266
8477
158
63967
7164
28977
3336
55289
6789
10436
55151
29796
6503
2780
8997
5457
5127
56886
60487
10440
6059
3018
6315
3359
999
6184
6782
1020
5699
930
11063
10248
56128
6522
1608
6626
899
54509
2824
6573
2172
22822
6282
25804
4624
2694
100294145
10246
440423
2542
9200
5992
7143
5047
11051
8407
23450
746
7386
23234
29018
79018
9456
27344
6659
5367
6318
138046
100134713
6549
5714
3732
79370
57282
3938
10376
1994
5393
51123
22978
929
7443
39
3419
54518
6921
60385
6768
4606
1788
533
79786
29802
7439
142
2558
64116
27032
80111
27351
8115
9829
8260
9022
26191
54584
51056
51513
6566
6504
2713
6839
117178
23028
9076
10691
10469
3452
8266
389715
55706
3241
8079
10969
5467
22877
8284
79071
6628
10993
57019
11322
1786
4188
6484
945
3601
8458
23212
204
64960
100506898
5160
25940
1117
27087
9991
4282
4781
5550
79833
9246
8815
4690
468
100423062
55689
352961
253982
440915
3061
10531
7159
60467
29780
6850
9816
246
5129
23076
80324
79709
9056
3229
10095
9262
23562
55905
5702
1312
55853
5604
51805
1413
8813
9356
2805
55210
6427
2692
51236
10261
8500
11237
2395
29015
64109
56311
10255
10675
4794
7480
8224
51087
3014
9775
54927
9474
8013
5912
7124
54619
4613
745
10237
5531
6676
29949
22880
51177
11222
912
7783
2125
29107
10452
79135
4543
1890
56922
79949
51560
54363
5697
4160
11049
6723
1030
5996
1509
23636
5027
4141
54514
9978
79132
5329
5905
54187
3569
10801
9938
51303
5165
26083
4049
10875
8882
3619
9545
5801
56253
10686
10952
7097
10096
2641
5425
6749
51651
9334
3884
5708
474
54893
3765
11335
2118
56244
50506
29100
27251
4725
2048
79187
3137
345
83737
84268
55222
63827
7852
2886
518
1378
23625
613
2180
55166
1410
51497
221
56676
9061
54733
2208
55301
2906
8634
27006
5133
8772
51152
3906
3692
79817
79081
5790
25770
54663
2827
1174
5743
5629
29091
4723
6398
22934
55057
4055
10713
8985
7454
9248
5692
51293
65244
5433
29982
81552
6262
84099
83463
8904
9808
10393
54107
2653
348
23766
5947
1118
4151
63978
1663
54433
5003
6004
6731
58477
8513
11124
10492
1641
23097
170679
4363
56139
284352
1477
84560
63906
3091
9404
79173
51192
51118
9551
1000
54920
23210
7517
10518
50861
64170
3119
833
10938
6629
506
5817
951
9513
3820
4644
7226
688
57214
29889
10164
1133
843
9296
26047
9136
6039
551
3099
51198
8218
10165
3950
6755
2108
55891
27033
7542
23432
51327
3301
3053
9245
85453
23596
8290
2870
6617
7415
5704
55156
81691
733
7039
55016
5901
65094
3776
51042
8433
9681
26027
1956
8748
3007
57001
26189
5536
11177
525
3996
9859
1240
26298
3857
729991
54854
6677
4733
5142
10775
81853
1830
7186
7273
8440
5216
28985
1297
7915
8192
29123
570
5469
114908
1349
2213
79887
580
4708
25816
9071
29034
6119
3145
1053
5971
7490
54900
1536
8089
23566
10721
5406
23404
55806
8796
4161
5795
26251
7203
1106
23616
54881
10125
9770
8632
26973
53820
23240
80218
80146
79834
401
55796
10557
8940
51700
8456
55833
2011
1825
8625
7372
81623
55278
90273
3071
1959
90480
79037
2153
8387
3135
2245
2650
79677
79413
5149
164
28983
6036
64778
54517
60489
8808
28960
9047
1525
83448
23657
3556
11202
2787
6376
10683
131
5137
100133941
27284
1134
79705
54994
734
1573
56915
9021
9131
672
55835
54766
100132923
3596
83942
245812
115123
2160
116138
1421
211
6862
9373
3814
84079
28234
7263
79711
51268
9414
55661
4118
79720
9462
26531
4927
2000
834
8676
79444
79902
3786
4192
23092
57099
10539
56905
56946
23580
7293
353189
55320
23415
389177
201191
10021
10055
2833
4478
10561
10987
51088
23321
79572
9221
11014
786
1080
1981
60673
79847
655
8328
54020
54498
5464
27101
6240
8739
27290
1123
25786
8492
2271
4248
55149
7019
91752
356
2588
1380
1908
3904
7165
286
55321
5683
7319
7305
3128
54555
7133
7525
55741
643224
81027
26986
30813
10755
100287932
6001
9704
10819
3310
80183
5605
2280
887
958
54976
64663
9744
5933
5989
22919
6996
11157
5724
1143
55744
1672
1119
2907
4700
5910
2567
55336
191585
27350
55157
3703
54798
1183
11171
238
284443
3920
55867
79084
509
80231
55660
411
9119
3297
9500
26103
10574
6753
84107
4504
64216
112950
10814
874
135948
2300
80346
1365
1438
55332
54739
26135
10622
55505
54863
7712
1773
1820
23173
10736
1950
283491
728
55093
1460
4778
1152
79857
25825
55972
3157
65999
8590
675
10058
4357
9402
11309
10762
56344
5034
57805
1144
1041
1588
3059
10294
55138
5610
5119
28964
6882
51501
5369
51621
5054
9793
4880
988
80975
55684
79946
9911
26071
387707
5255
10730
2215
9694
10054
1175
8559
3421
79172
4493
57733
55080
6094
1446
3587
23019
11247
6199
1466
6698
80161
6356
8335
92170
11181
25928
347853
1642
56005
5967
10221
26102
79080
5591
3284
65243
50489
5594
55262
3054
55168
55024
6875
4107
10131
79573
10575
23431
65003
100129361
29106
57602
79015
6654
6006
160824
50674
6261
4277
5694
9957
51195
54539
25829
6518
54825
53345
79156
5771
10973
283459
2651
856
23160
54542
6303
10430
79814
176
79751
8480
55753
63940
2101
6949
84243
3607
3777
9734
4495
9440
4792
25789
610
51690
88
10661
10489
51069
10020
2047
8891
265
9588
9717
5567
1305
27000
80342
1506
9437
25874
1351
11326
64793
126321
10049
11097
9363
3756
5623
56604
52
10018
1612
8819
7321
51016
10712
79033
55511
2554
57162
6555
1775
23769
3134
23352
2182
79168
10228
1286
9421
388796
3175
7347
7185
55083
9367
9362
7052
6927
27436
10640
23597
55071
25839
26019
22950
79159
4240
55722
10379
54440
3674
10450
4585
2551
1089
5366
55636
23080
2257
63932
51167
23046
2264
57102
997
5578
56300
1415
5161
4893
1418
79919
7678
835
83442
11273
3570
25859
63929
8454
9557
8732
1496
127544
7022
149986
4004
10113
3978
250
9641
2230
5923
8811
1551
3939
58500
9949
29080
9217
647070
3578
57118
5476
51348
5954
27090
5634
8560
90133
79977
2193
9830
2769
22944
25763
5371
10617
55308
26238
9468
3593
8898
1468
55052
10656
1142
5911
2352
5582
25896
5810
124801
8651
1374
205564
117
10625
9532
10134
64231
2618
7334
1329
6769
10603
6446
26291
29777
1087
10940
9862
1678
7264
246126
7036
5889
4809
64858
6691
29927
10534
26762
54906
7417
92086
5373
2786
23467
2626
54457
1147
256051
8331
5718
8431
83460
29035
10959
8587
30817
51278
9103
25818
3984
140885
3558
51371
23589
2091
10943
2829
54968
2848
2444
5682
79780
55290
51008
5985
735
7360
10589
55791
5351
4686
27156
92140
56895
93408
1416
10139
4139
3045
55212
7498
29992
23760
79577
9130
1785
9760
5876
55737
6441
23746
51393
8050
1650
23
93436
10044
729230
4045
3623
65005
8091
3417
55750
9144
5232
7978
343071
7940
10326
83444
1232
2932
1394
3592
5360
4052
81851
51571
6300
29095
5444
80067
3267
6277
10422
114758
10991
644974
79648
60509
3428
54831
6520
9856
22800
79763
10038
2960
9177
6397
1510
9868
6597
100128124
56955
9834
11033
402055
885
153
3560
1720
3589
8896
643332
5597
3631
4074
25909
3805
51270
8202
148753
51693
113
5716
4898
9780
64834
23513
9154
200316
55328
51320
9535
56978
6936
80153
328
438
55171
9114
1032
57402
26233
9442
5437
80237
57476
55854
11044
24145
8805
5321
790
1395
3860
10333
5033
10598
3109
10807
80125
58986
151
10245
343990
719
152559
63974
496
83451
931
114049
222642
7866
51617
4719
55611
811
2958
1611
6650
6016
5456
25806
9972
100861540
25906
5345
79369
5655
5539
25813
55095
8934
100507388
79959
5775
10970
23223
25941
904
11006
6633
741
83449
10301
2165
5606
51663
51204
9148
55669
2051
55501
4158
29781
1512
54
6924
5830
8444
3739
6422
2820
54857
8647
8731
7294
242
27349
22853
6227
23149
55775
53904
1666
54758
63875
10465
64222
7841
23336
6693
7150
51291
100862697
2923
9390
55344
6476
475
360
26664
23318
442186
151987
387751
4697
4775
81929
221823
123803
9074
8975
162
259
11333
1649
5455
5542
57718
54626
22820
5352
26586
26263
3108
27190
9267
8303
1056
60682
51102
1814
4702
4103
23143
7355
4878
5707
155
6132
3975
60561
646
9168
51744
3663
22984
23204
25842
9690
55656
51145
708
3834
10990
6344
64240
50848
10971
10556
78986
55577
84164
54929
79691
255057
1137
26034
9801
1432
10962
10149
3552
65986
9118
9126
4354
6290
1849
25834
1259
64118
9060
54471
2765
63904
29113
253143
57215
29086
54852
55150
54915
64328
5184
89870
26085
53841
7818
7184
6905
7135
55211
6792
2742
8462
10432
2926
9031
7533
4643
25847
9757
64806
6948
3646
1839
2027
8928
6035
10552
5662
7411
9519
26521
29929
516
10293
642559
3326
79644
10816
3933
1996
9470
5211
2049
51096
6780
56302
9083
54928
9708
26290
2672
9125
5575
79647
384
10048
7006
26212
5068
246243
8733
81553
2784
382
5612
8128
3652
2646
4914
79904
2928
9313
4694
5832
10922
3797
390502
55651
2778
10297
6809
29118
1211
7332
22913
4619
79955
10010
57761
8886
1716
6745
1340
11015
3170
1728
55655
29083
64750
55197
26578
10097
9971
56288
8508
731
387082
5521
55116
84272
1977
10330
375346
51365
23026
51734
5568
80179
55681
51071
56934
2528
249
6556
836
3500
1508
54732
5236
56159
26574
4125
79989
2288
54544
29893
51110
201254
27158
10845
9553
55559
57122
1179
56474
10678
9848
6368
5747
9002
7965
23644
9908
8795
56648
54472
29117
23648
3122
54583
5757
51196
79716
56132
6305
25926
973
9191
126208
92856
7407
1326
7547
3959
1141
4957
192669
10135
7101
3298
57863
1420
5732
23418
54606
26517
6121
5058
4869
8832
29099
3835
2637
54545
1233
2992
8111
23534
8936
30820
256227
79585
8178
23114
6702
9028
272
760
6714
29074
10856
26998
6721
56910
60495
9785
6690
84864
64127
54802
27132
2161
796
55813
3720
3237
8427
23593
8484
11178
4234
3851
40
10006
8986
9381
3106
64863
9080
5272
347088
23209
3662
5931
26528
51073
5794
57720
6688
5638
3568
9446
54919
60529
1431
2993
26529
50807
1522
926
8563
9533
91683
166647
2346
5731
2195
8379
1593
3455
10368
2770
23170
5534
81543
10426
8242
11144
10320
1787
5368
2002
51400
6091
7307
51144
5805
27336
23082
50804
3795
3164
5473
10092
4336
3398
3852
81556
29115
55720
5017
4892
5696
4841
55906
54454
6656
2582
5579
51475
27180
26873
65057
5428
80777
5886
10101
1109
6307
26576
10022
6142
6389
23239
2688
6531
6945
23401
9980
5126
10864
970
22844
4615
3239
4084
6428
64232
8291
5481
140462
80204
26286
80868
54952
11250
9214
5209
4796
28974
2885
2896
7356
23531
690
9276
8774
2760
10471
84061
55120
26151
6855
56475
56647
2649
6788
22839
2512
6372
79180
7260
7514
25822
8533
3309
3841
56681
6197
2081
1017
79023
57091
152
4883
921
9427
56652
4114
64781
7224
1857
79865
7029
25801
9986
1316
774
9967
8712
10278
129080
2212
3049
55065
55238
6202
55226
10758
30837
8447
6223
631
8785
58530
7018
9397
9283
11156
93349
51318
231
4712
2895
3837
4332
6434
26098
54707
2124
387893
79651
3004
51441
759
5019
51582
725
64065
3439
3741
920
5439
641339
377
3185
8445
3803
10786
51202
23615
8550
9049
3172
6599
27095
1050
59269
1267
9910
752014
9142
402
221092
57707
3987
5546
55225
120227
9229
54963
84830
10992
651
79753
7274
9818
93432
60494
3796
2069
266629
11189
2781
11072
5949
2745
23439
79627
913
1618
3034
8789
9050
1544
2644
8323
5265
359
51046
55784
22824
115353
84617
3281
2592
55172
5644
3635
661
8851
1984
2358
7087
1026
81892
6832
6524
10690
391
22809
134
8383
6942
5928
64410
9333
10456
64771
5514
6507
81839
10342
5145
1729
54148
346157
54431
56000
23229
2971
23305
6775
8542
5969
26155
10196
9033
462
1180
27301
695
6492
5217
54993
8078
55734
79400
3181
7803
51290
9099
84818
79799
4586
23349
8028
10311
8828
25793
26272
23308
56165
55658
1615
25758
6238
55303
1810
100505534
25996
9629
55620
1399
2043
26523
2986
53
9219
393
6461
114818
8853
9942
1198
3107
3362
64595
30062
6845
2357
10763
4205
51678
27040
7414
3792
22847
2569
53826
64220
8804
29124
9170
10802
2914
312
3385
208
4145
57157
4722
9521
2935
6741
2779
4901
10885
55013
9899
8664
5081
64963
5340
55359
55127
64421
9788
100852405
55153
26507
7922
5309
79134
55486
57820
51412
6530
6596
4858
101
8193
84951
9197
7458
84928
55326
3839
9702
57586
79823
56245
55507
2117
201562
10327
23423
822
55298
4191
6559
65985
5275
4289
2063
64849
10198
50833
10005
83729
57830
10215
5008
4994
154796
5927
100129503
4669
26148
58504
25807
4542
51116
5292
5050
55236
26050
8027
6786
5870
6445
202018
7064
3111
6868
57380
23137
5997
9158
5313
53947
89845
4711
7408
11331
6565
5009
522
56
57175
229
57047
5833
81491
51444
5036
83696
10629
10184
1527
10063
2243
64425
55432
10734
684
1337
51634
23408
7348
49
1622
2636
57113
63982
3682
10948
1173
10371
4143
10714
27115
2710
84033
170680
50840
2873
81533
2876
64714
56941
8756
7381
2562
5046
55183
2035
84298
51319
3949
55532
623
27249
3166
941
55240
7077
55286
4710
3694
3710
10394
55039
11170
6793
50649
55885
8573
51067
9057
5719
26099
4738
3761
5361
23381
65993
346562
2547
4867
59340
3563
27296
3010
9970
4931
140460
909
10109
4913
4133
7855
381
3292
5700
5431
80256
6579
55585
6117
29121
9554
156
7625
81849
949
83443
60528
5096
4361
57826
685
2312
10577
3320
221830
7384
9263
2911
8531
28511
5970
10434
51163
4356
79183
3579
8858
30814
1669
8834
80149
1954
57130
10791
6612
65080
23434
10476
3606
3848
83475
6482
10042
26285
6539
7686
2056
2997
96764
54738
22903
51068
3636
79583
79896
4668
5328
2968
55200
7181
829
1534
57151
55231
65264
5660
10800
9675
8728
54676
51727
5251
4071
9670
79364
10744
2326
9244
79064
79178
3547
3105
9870
5827
8688
54982
1965
80316
8148
10285
10911
79802
51729
51768
388569
5326
7351
55510
400410
9925
57097
528
9261
55066
80831
64782
10322
80350
266977
23301
140803
10238
55313
514
3683
6363
57559
326
6877
10062
27035
22879
81628
58529
79109
100289473
9657
581
84890
1113
55832
80198
79639
1758
55547
4900
5511
2266
2139
682
9350
23119
6675
25849
8852
6861
1459
1366
22807
1155
94081
5500
23545
55350
10094
5426
9019
199
1002
79035
90379
6635
3033
5478
23144
2520
58157
100289410
29919
1813
5540
57172
54842
4654
2861
6944
10741
84861
6521
4842
49856
6527
5717
53838
7311
55012
100507249
6613
440387
10061
55160
53918
54535
9719
8776
64783
23640
6699
27183
10343
4359
23643
10171
64111
55233
79022
54932
79657
29883
79050
60672
6334
1723
29888
9516
7553
8878
23533
26057
6736
649159
6009
10666
10300
9293
5264
9538
79710
55001
7416
2176
55713
79568
11123
9605
4800
6710
5734
2131
55239
84720
388714
8541
50856
10479
9628
3227
1212
9797
28673
55916
124044
10665
23608
10747
23040
65108
27340
390892
10158
55509
89944
6150
60559
10892
7511
8822
55666
8689
7756
81608
2113
64083
3799
653808
79731
5635
51025
26136
1327
3046
54946
109
6722
54101
54436
9898
10128
3396
51021
57140
1562
5291
5130
9762
4481
25777
57115
57146
11234
9361
26608
23511
23199
1417
9167
1124
8744
6674
11198
11231
6608
8844
732
55341
3993
54809
79077
7419
7410
6645
25977
5122
6327
441601
4973
23536
3065
30000
6746
7975
55851
8402
6049
5294
9790
26207
27043
5436
85476
4528
51002
10857
6331
1479
4082
11054
26577
896
29075
27036
4281
5725
8798
4975
144699
1478
10825
894
5077
27258
10197
747
5453
5915
6734
22997
4761
6665
51027
79850
80004
5277
51433
51107
4342
7465
114885
57150
6336
10214
51074
8837
23468
80742
8453
3836
1798
23094
140801
1071
25771
361
10871
11320
54942
1072
23151
2961
643
5238
10123
773
2132
4520
353500
26257
54680
57242
23205
8467
677
10599
1876
51379
5596
79794
4552
29933
9679
11316
5409
8348
81614
57824
9364
27069
4142
7067
2196
4917
2321
5621
10133
2976
10155
1768
5110
7477
60560
1010
3687
7292
26038
55343
8703
83440
29924
23214
26133
8740
64130
9040
11052
9394
50999
23626
3562
6418
9255
5523
2720
2773
51603
79166
9990
10939
6581
5858
6452
241
6822
750
10989
56981
7479
1660
11007
51208
55795
8161
55319
711
1284
248
55025
9887
6457
23623
5501
9282
644
7726
1738
3416
25805
389856
8324
3954
9410
50512
680
2348
2055
116984
79169
3850
5866
26659
8153
57089
1670
10487
54934
5877
4351
90956
10523
7170
51009
7705
325
23034
26091
51094
30836
5657
3443
8394
51480
121006
55111
25820
23216
2920
50831
2661
339
4849
2185
29844
64976
5584
51704
80739
9329
3274
3196
80307
11282
7448
80099
10728
5147
97
4014
3745
100506571
79929
11221
84516
399664
7023
4221
6439
2194
23787
7275
10568
64854
6391
116986
55607
1314
84525
27328
3337
5335
22955
7464
58513
65220
6195
8288
10876
10089
55234
4999
7062
23780
56259
2030
2010
54957
5093
56061
10930
55922
9389
1662
9306
1442
7137
1591
80194
23518
11329
2561
58511
27329
4241
23614
5965
7706
23604
2003
3614
1587
26003
59342
871
29763
4291
64184
11073
10898
9419
79918
55114
27185
26039
28992
10409
10086
3586
2937
56101
9275
3083
283212
55968
50626
269
79998
10385
79057
4593
22992
5079
566
4942
11126
9380
23553
1577
226
9777
5770
6346
2854
56984
81544
1780
2811
10957
660
8747
8687
23354
43
5602
2492
51321
4691
5293
10842
6603
4062
7753
337
7140
4617
4034
5305
140290
8539
4099
1044
131566
79065
79073
9477
56945
5818
64149
23366
8395
83446
6007
8615
4580
8856
51124
8497
55324
972
4352
5727
65109
9097
51289
10913
8001
11061
4706
51807
7535
5875
27257
10978
9683
8330
10138
55181
10953
4294
7409
9955
29960
1892
9873
57591
55118
10093
3713
10917
10900
4076
3609
892
9349
23294
29890
1209
3780
3665
139322
27044
100272147
1656
7475
1968
2700
84796
5284
79954
2630
9025
4097
9472
192683
57468
3658
10621
3748
6718
4627
54834
22980
189
51228
3707
3676
7289
60558
432
5706
1827
5873
51606
6647
100526833
910
4184
25932
259173
8517
23538
552
26519
80011
2733
55173
132
80209
5962
10994
7099
79034
10478
51156
51350
79003
55500
7851
80005
8123
58525
131601
80063
7782
1948
28232
3484
56903
51100
59335
26088
4051
64780
23300
63916
23646
26184
3995
6011
23244
5617
55954
9352
63910
3313
372
7390
23193
8562
1347
133619
6323
3581
79958
389898
29125
2079
57084
79854
79098
171017
752
55676
9183
10985
51129
51581
9844
6256
1444
440362
3451
7425
5078
212
3486
51322
51171
9058
7917
80122
54708
4598
8165
23641
23471
23203
4308
55201
943
5250
2806
1192
4791
8487
64762
2134
5862
261726
81870
5987
27141
51006
10723
399818
11187
54883
51507
23277
9179
8030
10126
80763
56656
10767
10190
51085
56270
8976
124583
5545
23583
4988
26610
26017
5798
1361
9556
55884
2534
23774
5792
5710
515
5937
55908
3553
56616
10627
5062
57000
10483
6883
9569
1604
230
53836
84934
55125
91120
23053
10254
7047
3763
5781
9469
4296
26280
22916
1447
285596
6181
471
83394
51052
8439
3150
11074
479
7421
57223
55743
93
11131
22823
25794
7074
5861
79622
5611
2303
81605
8704
11137
2902
9515
2570
51282
4584
26658
51547
6683
5529
55707
663
25780
80273
11232
6892
7456
10447
55704
6760
3508
59286
2783
7171
11082
7317
3718
28316
8677
60488
11338
64089
55670
81887
5630
1269
80853
5203
218
7301
6156
5636
10567
85446
55248
656
157
55472
55622
7172
79685
7156
51200
55069
50944
3093
100499177
50508
55014
56731
6271
6619
9489
26206
23256
55294
23633
3617
25987
10419
190
5829
29842
645682
5134
8818
60
79723
5625
23157
343
6993
2204
79695
7472
9685
2744
2959
27352
2168
157922
4956
23279
6754
64768
2768
66035
29947
10445
54715
51702
84549
29093
654
10046
92483
673
100505870
41
4838
9663
442194
79849
25855
10178
2197
414771
886
11267
26168
79962
2877
22821
10219
26261
4193
7447
4650
9771
57192
80776
9271
5055
6426
56156
4635
3787
1282
11219
10737
56950
11313
400506
8273
26093
2683
3980
2041
6910
9567
55924
6569
64100
91316
51054
4037
3651
55731
11317
51510
51035
8085
4091
9444
53635
10498
29774
79837
5897
3146
100132476
1145
9761
9943
3762
3598
100127972
81575
1838
8048
1207
23658
23012
81931
3090
6493
22926
54867
6442
1945
10915
91369
9001
7014
55322
51011
9014
2526
8468
10199
6885
146562
6118
63935
5566
2119
7862
29081
5140
92609
3420
4162
51330
29965
5883
54877
2677
50619
793
23322
113251
23609
5253
26750
529
9238
1539
3257
54413
53358
22976
79890
10457
64795
9669
56954
115708
1627
4851
1015
4524
8518
11104
3565
5443
81688
3219
10146
57127
60496
5442
5631
1455
51030
9825
79586
5820
79863
10921
23085
55700
998
93210
5537
1388
8505
55049
10313
56924
91373
100131510
58488
440792
3883
100288594
26100
1665
5977
79944
57827
4218
3785
1756
64975
4946
9711
9948
4802
2740
64746
10772
1816
9885
29959
51176
27042
1603
10316
57399
58526
43849
6917
58158
8809
50628
5608
79748
8087
64422
10073
8369
55466
407
10906
3358
7441
91289
79230
3347
5968
23099
2015
3746
5730
26154
1404
55178
27125
2050
28996
7529
54576
90411
55129
79672
2668
157567
10043
7163
150160
6096
6429
5553
3133
8629
6217
2475
79042
8694
55695
5978
6000
26232
8493
81875
3680
2302
10462
51622
79590
10250
7436
79144
25888
89853
10653
10067
100506863
64223
2739
523
2645
81626
79001
8668
810
3141
56889
55521
9880
28513
56659
23367
5001
7287
5739
50855
57403
4905
2250
54726
1585
11344
5083
594855
526
3384
51286
79829
10317
10572
9530
79598
8446
79867
841
11224
2734
54476
1271
1874
3459
59349
5331
54955
1181
1108
51233
5245
23029
5045
9937
5939
23048
8618
64779
7737
8635
2531
51654
9536
51611
5020
8861
293
7247
6560
4665
64078
54855
55862
4170
1545
8900
9656
3238
4703
10694
116285
6206
9391
90957
8545
79796
547
51526
57096
7476
1674
3189
9375
51075
3265
10384
9400
1610
7764
140465
64419
27304
54998
1046
29935
257152
1069
140459
3843
128
79680
222487
54868
80019
64137
64747
23516
7813
9128
6194
7299
64288
9113
51384
8576
56006
55761
113419
335
2523
5155
10664
59343
64981
1084
10928
1676
5777
51184
7564
10466
79024
79839
2835
869
1636
57187
3577
26589
79368
7752
25828
29991
10923
27339
79149
9784
5151
9166
50616
64096
22979
8724
2220
4677
8392
7404
55124
79755
79905
6728
2904
7175
9342
1740
9671
10084
4772
2627
5671
6610
5438
9312
6386
27178
1912
5465
64816
5432
7053
23358
7634
5362
4591
51106
51493
55100
53942
55254
6534
5526
10480
996
24149
54939
6098
10075
4534
79913
284649
54165
11235
1677
54480
4287
23424
8411
374286
10946
7252
9721
171220
55270
23141
23167
9093
1188
10634
25862
9640
6615
1414
79714
541578
763
8451
3698
3998
1440
51440
9092
63943
1039
1645
65988
6660
9205
6574
26256
78992
10236
55787
65980
55558
55203
11340
10651
3691
5689
4595
1999
65010
7045
23242
10980
55664
64431
23316
2538
9348
1964
2882
7091
8766
28965
2847
3097
781
51586
9555
22954
27163
3626
1748
51193
9559
390616
9966
1936
8930
79712
1368
10286
79184
5152
1777
27071
417
7016
6865
5332
1606
8602
57105
84669
10692
4583
8671
51362
730051
2332
9480
6519
5063
2675
9699
2987
11243
27335
56965
51637
5153
4717
6235
81689
5720
51079
6366
8287
23539
10110
80789
11119
10632
1646
23659
2201
2917
8659
64324
7775
492
26520
53822
254102
9831
55601
8342
4634
8702
10332
11062
10794
79701
9625
80045
4093
928
27068
11100
6230
9941
55073
23016
23197
79726
5599
3985
9478
1743
396
196743
63899
9108
57573
6657
23195
501
29926
9909
26043
11016
6495
3801
59341
79845
10068
55748
27297
3845
54552
1131
10542
64417
56979
6175
83658
4967
10861
1653
3956
10170
10882
7429
23484
4720
3183
3482
63925
9840
23514
10175
7015
43847
25984
150726
51271
271
6795
7323
29855
6158
644096
8802
150244
353299
27292
9138
3050
5936
5213
78998
3430
5207
55974
832
2850
23062
3640
222658
55244
79072
5337
10121
2862
2660
51032
8993
6853
29071
50859
10657
3242
2775
171558
4833
29789
1995
765
7328
3113
1791
3960
90141
3431
26284
3866
6523
84705
51764
23127
4709
784
81577
26097
6201
8449
8943
55740
80232
1947
6233
51098
10298
6275
8243
1826
4795
4242
55179
26121
10739
79830
80012
79784
488
5528
6456
434
2936
355
55327
54910
27238
10076
55703
130
57128
8125
7316
1638
54896
2889
11245
220077
1441
374977
6903
5701
51160
1014
100128640
339448
25978
10485
81631
29761
80185
148066
5199
80764
56301
51015
54862
80301
9510
65998
7879
54978
27128
51
27112
51548
9491
498
23154
4295
3361
2107
64579
1352
85452
955
2128
4843
3273
26000
5148
4713
11319
6274
29906
6440
80852
51614
10090
2557
9776
7222
4888
29803
50487
1406
23786
23382
10454
10514
23057
55539
100128329
730227
81619
57154
10408
8723
7008
3840
105
23549
9729
27179
83480
9403
54466
3203
51082
9703
2782
3849
25792
10114
27102
8636
5651
23039
64318
10605
90199
6401
1607
64919
51666
3543
117153
6198
7268
868
91300
9733
64764
5879
10136
64940
7324
9110
2802
54490
51231
5929
55515
8569
6533
1213
3747
6343
9330
23071
6804
29122
11085
54212
5518
9086
28
7258
26002
6819
1390
9175
10276
2222
81565
23225
22838
2585
6602
2521
2170
10527
60490
54462
975
5018
6747
23138
1474
2566
5452
4298
26108
84034
10584
50937
837
8669
6187
30850
5028
55843
55735
1540
79886
28956
667
54438
8349
1135
23070
3927
3151
11166
3622
5527
22887
8911
4353
3352
100507009
54995
329
80135
51575
1008
23208
5225
4993
23476
26073
59347
7001
2017
23650
22989
5516
4261
22990
29915
2109
10914
9340
9043
58189
27334
1358
6005
23512
57050
8295
26225
8409
1006
3142
93487
6512
9914
79872
11021
10750
3706
55009
6616
60370
10151
23620
10899
47
9745
2785
50809
80013
5976
26499
8754
1616
10461
55006
11020
51298
79595
23215
25796
98
3684
23568
11056
79649
23200
7125
60493
11146
5267
5030
23629
51504
1059
8735
10269
11264
8690
10891
55256
6923
1583
9985
6432
64110
57053
57576
5711
55361
55040
2796
25980
23112
80110
5173
27302
91442
2044
9792
25988
9786
51691
55000
5306
57369
23178
5993
442240
23654
24140
2123
3198
79587
56829
55844
10362
54793
25897
527
200205
5796
439
3163
4992
10473
58985
80025
80833
55647
55219
9678
55699
4825
56606
9416
6869
54848
171392
1339
5462
2575
10554
64577
9463
23163
54918
26235
80143
64121
9897
5715
11174
23683
26205
5143
51174
92346
10501
51725
51716
177
81542
9662
4047
53343
4676
7629
2887
8655
54860
3630
5784
8673
4995
10787
8706
51128
55573
23373
22924
10413
8503
2074
5865
147912
4150
8778
57418
26230
255926
6568
3605
6729
2286
4616
23218
51374
206358
55146
10749
51499
29914
57794
410
2969
1859
53827
55011
81876
331
602
54434
2572
7633
10308
6170
6511
64446
4058
56341
55088
9609
56107
28978
64582
4951
51506
7180
5589
3442
10945
65083
54566
6928
51657
7288
722
6854
220965
3192
4625
5669
6827
9324
9398
100507331
29907
785
81621
8239
55738
29102
9451
10573
55615
1967
63876
9805
9038
55816
29916
23645
79171
6899
6102
1315
9860
1555
317762
3798
51214
55957
26287
3236
23600
968
202
5675
567
23347
8897
9368
6477
27023
23483
23383
3744
57336
9960
6929
25974
11279
3916
10153
2918
2021
23191
55811
79922
7471
4113
8187
4648
9731
79894
54550
54800
8021
55604
4168
55147
55628
126298
54979
81894
23190
7182
55626
3808
79930
100616497
25844
1345
80176
4201
10961
100131825
56125
23052
79631
11258
9518
199731
10389
4701
6257
58533
653
55312
6046
50939
1559
55281
25983
2631
79658
7763
53371
27309
55037
55291
10844
10895
57335
55478
5407
1982
9436
4863
54969
51465
51275
56106
7352
140678
617
79792
9181
54971
6953
23220
9958
3364
445347
9063
258
54769
1739
3655
23386
2794
23072
26276
7068
60401
3604
11190
353514
29930
79736
10490
1435
389677
27173
1854
55283
10972
57604
10726
8996
5069
8915
2814
55621
127534
4854
3705
81579
3918
8340
6143
22870
79056
4224
6014
80344
27113
26585
51728
3080
4146
51343
9804
81616
6134
83637
54811
3955
56180
6528
80168
115201
58498
6598
79892
4217
3816
478
10524
6767
51121
9841
80223
22845
4848
9746
57408
2800
118491
4897
10474
8548
2832
9159
5900
8507
9798
56928
1400
152992
3445
2963
79145
10193
2900
2563
9635
23142
3037
57570
51574
476
146712
79979
55243
3516
9209
6902
9399
51619
14
11011
8612
51109
11281
10548
10880
84271
55272
3588
26984
550
2100
5587
10346
3704
9085
6811
10291
23379
1057
815
79816
54805
11116
26031
284217
8428
4209
64763
57109
9184
25776
3184
7174
64693
148
4040
56999
51593
4284
23035
8337
5626
55603
9020
79869
79596
56163
79983
60491
978
859
1409
23276
4952
64062
5089
8974
55030
55415
6388
160851
23394
23529
51099
5678
28973
6176
740
3766
5229
9587
2316
378
2509
284
54891
11261
25830
7587
6954
1969
51108
94104
5828
56673
29103
10813
9196
5296
1370
754
6988
80071
11086
10765
23042
10047
23066
954
6837
56650
7988
5290
51020
10057
22794
55175
54886
6470
100507630
662
9210
91137
23463
441151
7570
4808
8667
57171
5422
2052
79036
19
79803
2859
7314
9861
6829
51696
10877
8643
23395
27348
55274
11255
55089
81606
56142
9869
56914
1837
26281
23325
7046
55255
8301
100272228
80210
7551
4729
9054
57158
9994
2287
2801
65125
7341
10746
203197
3293
441402
10009
79690
8890
6906
22941
64901
79969
54840
10607
23370
64864
64114
57185
9589
8540
56287
9150
9842
53630
24148
81285
10533
433
8726
374655
8277
4760
23252
51003
1193
2925
1600
22953
2130
5318
5144
1845
7903
8935
51430
23186
22938
30844
1523
7932
81850
1565
79150
80778
283820
83734
10745
207
3717
8661
80152
55827
9146
57787
25895
4232
115939
11092
60343
103
2147
10558
9537
79616
10262
4486
7040
26476
22898
23133
51043
2158
284439
79730
251
55109
7005
6907
2033
7520
5519
1538
8675
9866
29766
51559
668
5705
79095
10908
85363
5571
91966
821
3621
192286
94026
10488
960
922
10716
11022
9727
4640
79760
846
50838
441263
22933
2071
8879
5349
3094
1727
79956
730101
79004
79177
4745
2319
7284
54866
6284
23172
1730
5908
10817
51168
5192
254531
10382
373863
11010
3612
27094
65082
50835
171546
376267
6188
2912
64215
8932
3211
3661
55041
634
11266
23060
23542
4544
8721
8536
3084
83445
50836
553115
54704
10981
9325
1369
149628
3727
1371
5098
1386
9917
3678
6301
3759
7132
10667
27
7329
10810
4189
2664
51076
155066
4233
10613
3268
5957
50839
10951
79947
8665
6192
90522
2334
26051
23399
7580
11199
10162
5881
55367
727800
79670
57117
55195
3446
56683
11277
10244
64922
55898
5581
577
26539
25797
23065
5188
50943
5680
5894
22856
79746
7916
2244
622
2038
6473
259230
57821
23086
146
113878
3782
91304
5676
51186
3726
5260
3645
9129
80196
5892
23251
25774
23307
23392
56114
55705
7791
9314
818
23002
80032
10881
79415
9659
56882
81555
6620
22836
11067
4157
80306
54905
4780
54494
10660
4928
1401
54538
376412
2026
59067
22850
8312
64423
2556
758
5495
55760
54344
3988
80148
22826
10841
147339
5053
537
10738
199870
9514
23008
10083
79848
1979
3029
79154
3156
1741
11143
6932
308
4000
23433
51324
79143
129025
10002
50813
8888
54207
51274
6236
27120
51125
80317
1486
2622
58483
92558
64219
197
414918
9294
778
29999
51596
5504
9450
65992
64710
23530
64708
10500
694
1045
6881
8575
5609
8895
4155
25948
79147
823
11186
8570
7073
60676
23563
84679
7584
23288
55715
55284
11238
3096
23051
3886
657
27202
8269
339229
4664
5091
28951
4714
3026
8653
5740
5600
23224
56901
3688
26266
2916
683
51552
8999
9508
3098
51146
84991
2671
79663
79752
23054
1208
1428
6687
9495
10565
6901
57710
64386
10623
54958
1007
51297
55754
440560
114881
5681
5999
23228
5893
79575
4696
58155
55810
10179
486
2994
383
2267
51386
79697
1962
9673
25814
5906
10670
80271
50488
51741
9153
2159
22907
6047
5156
27099
11118
4144
619426
3115
11315
51750
79836
3044
5270
158747
139538
10116
10566
1052
10168
363
55018
159
3448
23207
65095
80228
11093
7114
11176
1742
2275
2764
54797
1993
8034
23543
10438
55220
26059
10201
8022
8971
2815
9682
9610
54948
114548
9616
51762
80772
1176
10019
9871
54221
3773
56996
11251
8826
51333
140545
6895
8520
3017
55803
9570
23348
54716
23344
310
267
10919
55020
3660
11017
7369
79602
1285
186
26146
5524
22865
25775
369
89
23526
55161
3633
56983
51540
128553
51382
79870
140
9907
303
55653
6733
58509
4633
301
23162
65996
54765
60526
8725
23139
57030
2356
2313
22994
11336
826
23299
1829
10840
80304
9783
1146
7555
4253
1655
1896
3881
80145
79047
302
57715
10594
54529
28954
80054
487
6605
60685
22897
7984
9832
5780
8933
22920
79933
5961
51172
23155
51312
2590
6281
23380
10102
131408
6455
10243
83481
29775
55644
2527
51361
9820
8793
23569
8578
7343
6239
22883
6369
10369
6193
2583
55662
9767
3060
7265
1491
57596
2931
26872
23474
27107
7189
5998
6886
22852
4041
7326
2016
7327
11060
80028
4632
55785
79571
10494
3977
54475
51283
944
11253
6129
8867
3512
23509
728361
23023
9728
201501
51013
6490
2899
6272
10893
64218
81551
26065
54386
79363
7957
80174
29114
5434
3982
669
79012
521
6147
4126
6048
9920
9249
9320
6540
51070
83988
91355
965
9826
90121
57610
10235
9525
5303
114897
25843
304
961
54897
4807
57209
3846
6835
55801
6263
1178
51134
51272
2639
8741
8417
23435
54718
1803
9517
4923
967
1586
29937
90586
23213
5509
9215
1783
6421
9107
8905
11148
55690
2898
1437
305
8174
10066
440348
539
100129528
56478
10120
81537
71
3269
5593
11342
55859
100288413
4338
79810
149603
55818
10281
57680
9849
83439
9968
9817
7225
65123
5276
79640
5585
79228
28387
9709
26015
9182
3856
80036
8994
51188
28957
4889
55870
8086
10079
23742
79877
8225
161
6222
55216
23102
25880
10564
4010
7187
6692
7080
25819
1318
2741
6737
49860
123872
10867
83743
7109
1891
23187
26651
1906
22904
4249
10630
5121
840
830
79778
4968
79728
6166
10402
1949
9689
5196
11154
7738
3911
2036
9934
25778
9715
10098
339044
79009
3235
7066
7748
7867
816
10693
79694
8823
10477
388699
9821
27010
51714
5986
1946
640
147172
55033
7379
8892
11102
23332
27246
545
81
2623
2844
9962
9147
10933
7038
6208
9550
79087
2658
7270
9546
2852
27429
4323
10390
94239
8720
9892
29944
5782
1068
23174
1436
55534
85368
2798
8869
644128
27315
1325
4790
10637
10600
54951
10007
80144
93973
81492
5586
10107
79621
9277
84804
26993
6992
11120
8074
8705
59344
90204
5375
8464
9376
10695
29109
6210
5075
54516
51816
7251
7692
100289255
55135
51199
79570
143
3754
23421
100289097
6840
738
23217
84759
7874
6232
23130
29974
2064
23478
27089
79101
4225
7681
8927
3770
79804
4089
100302185
55777
7013
4358
1263
6529
23385
6204
64853
6390
4087
84779
65979
79078
55108
54581
7134
23376
26239
56894
11214
56413
27037
320
8471
7531
10776
9573
7849
9881
64210
25920
6538
22866
1629
5408
351
55269
51367
2901
56997
29062
1013
1939
91782
6756
23031
716
6820
84060
1161
6672
4163
5387
10312
1609
7543
6878
79707
26173
57132
10586
5619
65983
1654
3224
22932
8717
10944
23765
28683
284021
55180
1419
9692
57460
405
2979
64342
8738
5648
27253
6570
29110
23523
87
2355
26130
51477
6324
8314
8226
10296
5330
253943
7528
373156
91
5116
4355
57473
57572
51138
5090
10988
5935
513
9815
7702
1443
2689
1121
5049
51631
670
93643
79939
84619
2249
51567
55229
8794
27097
1453
57142
1983
55113
100861554
6480
26253
22987
9901
55209
54458
1613
4621
9857
11095
26005
64866
4340
10467
8403
4899
3226
22893
6872
8871
4673
10428
8110
286451
2903
9407
23527
51594
8455
79054
26747
26278
23281
27004
5565
51668
6497
4046
84612
9774
55267
9331
25890
6580
10773
23095
2767
80034
11236
57338
5169
26012
6726
1160
54407
55624
9875
23011
338645
1870
10015
64895
4607
4048
64428
6871
10475
9127
7392
10982
7050
1770
5074
58487
5868
55323
64400
8443
23508
6229
9953
7766
148022
1861
8939
57446
79724
646282
23254
54474
9230
10137
9326
26503
644450
3972
8535
726
4149
2543
85359
4864
8775
23169
493
7991
23161
5298
2235
55584
23101
51562
80219
9883
50832
23140
23770
649
64066
55007
6228
79675
4947
25976
10458
22999
55850
64398
22900
6010
55317
4919
256364
3779
203
57599
5297
317
3020
6774
1382
3981
9409
55217
7024
140710
23219
7113
2853
29082
7044
5525
284904
51179
2028
5154
8841
92595
6167
6155
173
10894
55252
55729
6940
5289
80177
9643
55764
9227
51451
7781
26508
11133
55260
63928
1804
64789
54989
2103
10602
8341
4012
51428
79683
11345
1241
1376
27286
80895
51304
200081
81858
64506
2054
23096
135
51143
23400
10960
347735
1021
7745
2495
6666
56936
6640
6834
11103
7104
6128
4976
10587
6093
84364
56948
9903
9372
9465
435
221472
90011
183
30819
123
7141
79935
5917
11153
5023
10260
64319
5598
56891
1915
79740
23164
3187
54814
51207
57107
10735
60492
55815
6623
5339
7266
81033
9562
6251
127703
29942
10299
10975
4326
572
55631
645784
5774
79727
55892
7430
7051
10400
8534
50940
64375
253980
611
29978
767
2580
5746
148229
10100
9487
54346
7009
3603
1081
51555
9392
7204
55421
79157
64924
8131
9577
5979
54874
5494
54788
2893
56899
318
2875
8241
51406
64754
55329
48
10226
79053
27130
7253
79767
6339
51050
79039
6051
7993
5454
5520
27230
10672
2647
100506469
80262
23350
2323
79091
223117
10803
112399
5663
63894
79133
6514
7554
58497
25821
54556
54784
261734
23558
81501
51495
23237
60625
11252
5379
2822
2524
4835
55002
219333
9053
10659
4850
9013
7385
6152
5763
6171
284001
11136
2995
3338
56100
26994
6161
11196
3914
347733
2314
412
6133
2938
6425
1016
2248
7011
4649
27019
283927
104
55133
29943
2339
8460
9169
22837
1497
10929
8396
8913
54531
53919
4991
26226
7280
51147
79820
9541
334
4293
11024
55163
23548
3817
5319
55848
22872
9266
1847
11161
11191
6545
80222
9931
27289
54661
55070
27333
55520
51018
7597
1836
90485
3566
8764
8736
53615
13
9318
9412
23275
93974
6160
9749
5257
10645
9242
10163
51317
57716
64776
9612
3069
5189
84288
5316
10267
25898
7322
5995
22882
22
116
80173
5878
7142
10159
23403
3283
81792
7094
23180
3036
80255
54664
56154
26532
56940
10677
8874
6604
8909
57472
51307
6141
4438
27159
57470
1136
79885
51227
8812
6618
55719
7709
3308
26505
440434
55763
5073
6013
4245
718
5048
1357
7461
63874
3299
10818
5372
90233
3217
1265
23179
2940
55182
54549
3074
20
92
22874
10847
1040
9754
163131
9026
6506
51665
23192
204851
100506699
26128
57645
54622
5506
51604
6550
10282
4891
8209
395
27020
7205
57165
116987
8555
51773
3725
80737
1776
4331
6904
285672
10616
56158
8893
5728
6801
9819
3444
2747
2705
1855
9039
79441
9684
3491
51701
1355
2879
23607
5082
1258
10270
2978
10026
1778
10766
56851
54827
57136
1833
7223
23063
51308
824
10060
8450
27109
11212
3628
400084
6382
90410
100129973
7707
10555
79158
10905
51136
4594
64598
11055
285
79876
8870
7518
55863
25865
9987
80055
9698
8718
3557
5990
4978
11107
4853
10302
55966
6328
5754
9218
55022
4092
27300
10277
8120
10352
23105
1182
889
5288
3594
55337
23520
23451
6866
24138
8036
23443
2975
55081
3207
80217
375790
9475
10570
950
11026
729164
55228
54700
83638
29058
5470
80321
55297
10045
28962
2687
7994
54345
9439
54807
22858
79594
30835
55090
25961
5411
8824
10013
284440
51341
51347
23552
2039
10069
6738
9993
11147
28952
51004
10924
9360
54520
79990
152185
5324
80761
642
283638
11183
8787
3120
56252
54977
79861
374291
51450
390
3064
4852
89781
9287
7538
6332
10147
6525
51588
54876
5007
54537
3642
4736
54499
9697
22854
375057
782
115817
9755
57663
26175
8482
4798
9288
79948
79155
10345
399665
10363
387
57333
29940
4868
9926
64377
9228
1584
4094
9070
5458
84168
80258
1632
54987
9132
56667
80213
8992
22928
79676
3728
10319
10869
3206
10463
22888
6773
59338
155400
8621
7462
8045
7799
2589
10935
5037
10620
10439
51329
7431
55266
9202
6847
6191
23317
6658
11278
9204
1398
7030
55770
8682
933
9701
9575
7699
799
6234
23761
8780
60313
79630
50862
55101
9878
26112
1828
149041
3460
23613
3032
81566
65117
3890
23673
9337
9750
80335
6169
64641
2135
100129271
23017
2301
56911
5132
27013
8749
10956
2693
5922
55207
291
8887
55852
81888
5934
286148
23132
624
10540
53944
6146
8995
2838
79718
847
10053
3300
2587
23168
9913
650
8216
3035
9672
6655
29044
55668
3758
79654
5195
4610
6483
27330
9882
5308
2974
80329
2624
5515
130814
27072
22995
6259
56906
552889
9189
59339
2736
5510
6165
51561
51360
158586
6203
55036
4547
5903
3818
4140
56834
489
29969
51077
56980
5826
1757
79722
23334
81697
2892
6708
5414
342538
1755
55973
27345
6018
51101
635
55860
64769
5446
64175
10444
57226
57003
4817
6900
10052
2695
4618
57062
55140
1774
55745
8692
79582
6447
4983
56623
57579
9448
26468
4255
1821
54904
23762
7161
23353
23118
4907
9354
8574
2315
1310
51720
64745
29880
64844
23466
55366
79567
3191
80031
6392
374
2350
147179
79085
2965
54850
6122
30811
63035
78988
83786
645
27030
163
285830
8476
64786
29988
57466
55206
1200
1822
23759
6415
6781
7541
6136
9592
4987
9739
3858
51776
28981
55879
11230
56957
27079
55721
3200
3815
51660
27181
6209
55196
3749
9520
390999
55130
25966
814
84942
10407
55819
10658
23498
2122
10099
55032
5092
26355
3690
8065
222663
54777
55279
64067
23064
9194
8398
26515
8846
5741
7105
1759
4301
65990
9322
64174
26751
10526
22927
8620
23505
27291
55454
171023
23269
9597
23150
63891
228
4990
64837
122704
23014
22911
10785
4707
30827
696
2327
56242
55683
348995
5178
54468
57862
1605
64344
7432
2731
10000
79719
8175
102
10210
6758
1465
64376
10495
659
11037
9260
10318
4299
2941
1647
114044
79668
56949
11141
25
26190
54812
11152
6249
6499
1938
2294
22884
314
11311
7178
5966
7485
23473
57144
7126
2188
10519
79070
4247
100506070
8912
23632
717
51449
64063
63892
3201
64718
6498
9637
4327
81609
57194
25937
100505741
9580
23335
9686
55338
23166
51187
636
54858
100129502
23059
11179
34
64091
100505915
124
593
11077
27121
85360
400
79609
60681
10780
9524
11325
7306
6433
55831
55188
127833
6494
10144
7515
7582
10777
8908
2981
80349
54914
11272
2137
55347
2014
55567
51104
2335
54956
23020
23705
9950
8881
7076
7762
7727
10209
1048
25994
5576
79717
29063
51703
59353
619505
23131
58510
2998
3346
7976
64838
8847
29092
51335
51438
288
357
3673
9927
10425
81848
11078
58517
9839
1797
858
79591
55374
4799
23384
6727
25787
79797
5664
9632
642636
23013
55823
2560
8729
130074
9741
8760
51542
114625
10896
5803
1385
5583
473
7544
22936
10743
79970
989
400961
1487
4924
10955
2324
51752
51742
22848
51759
317781
5170
55074
27077
10949
50613
55471
51715
221749
79635
7257
3449
8031
5972
23326
80351
10249
175
79895
26275
56257
100131755
4154
51284
842
1488
3958
2258
4033
55625
26512
22925
10
30849
25840
25873
55205
63877
6652
254394
23313
4152
4684
8419
54714
4682
51531
7637
23271
10077
51778
7718
54853
51135
2116
51366
83744
51460
6002
5000
78989
10152
599
56548
25915
429
10505
51592
64106
55755
5338
11284
23036
54991
54432
9726
3769
8509
3811
8600
9526
56130
11127
9464
80243
29954
57111
23211
2073
7291
10902
8925
11083
112464
23592
8674
3976
9015
7486
54112
64777
2990
23624
10227
4292
5916
90861
81932
79671
6449
3178
4215
9270
79643
55
5325
3983
8499
4986
10421
58472
57060
51031
11228
55771
6164
54540
23357
4935
54980
55334
196993
9751
8763
149076
81833
5899
54491
6462
4974
80345
10983
4756
9718
7376
79698
7710
4637
1815
1060
27018
157562
6304
9912
10347
27063
27131
50514
57188
56937
4846
23369
63917
10671
8572
79442
64601
55757
5652
1452
5051
3670
9984
4134
2771
145389
64397
51084
55249
25891
1819
27237
9921
1659
7592
5620
6643
11027
2077
80319
5066
54981
5378
24144
5601
23285
571
55746
6045
9443
8195
7100
5300
51372
80224
10309
55062
715
5672
23368
6231
23504
100131532
3831
80745
6205
55048
57447
55619
26064
1201
54470
51301
2037
56893
79735
56987
8650
56998
23333
9531
5281
349152
9423
23378
6651
54986
50618
81576
8227
1266
112
1114
9211
1893
9794
81494
10166
79029
9619
1630
3423
23293
5887
5010
55451
946
6909
64411
6908
7389
26333
2983
146227
4204
56925
7701
51389
4735
55094
5358
51359
50485
79366
55208
27012
23660
6135
1579
2549
79986
6880
3360
79991
83759
8850
9989
6095
22930
10920
27252
1877
23595
54974
51078
50854
11000
168544
54865
79188
54964
92335
6050
4185
80199
1725
863
1762
9651
79813
6668
56124
421
22937
2799
6168
4862
55937
10367
6915
79758
84975
11064
51566
79574
23098
116985
7098
10404
64859
64343
1671
89910
5420
23619
10392
55031
53405
26716
7110
84124
11142
22981
23043
4698
51455
55218
8899
26013
22985
55277
23235
23120
9152
27236
51490
11163
23554
1022
51763
7750
397
2115
25950
3030
3764
1261
9016
151050
4656
55602
51375
5869
55177
54328
1572
84065
286205
3712
4659
57612
400949
11079
8880
966
51206
3842
25809
9725
3440
7512
91746
8666
10538
54839
4660
8973
9645
64167
9827
5451
9646
9540
10289
89874
2648
55665
54973
64897
152006
27231
7148
2217
57698
5097
56672
3077
57018
29998
7367
5533
23248
55540
762
26471
2059
5896
4258
5980
55781
80003
10595
6103
79669
1270
11155
114088
80723
23412
9894
51533
827
1350
441666
5872
23264
79632
4038
2306
7403
23729
2670
55591
29984
23093
7007
2905
25936
10824
2696
7035
8237
80233
307
10482
6711
4320
2596
7405
8315
5094
5800
1800
9527
5864
9772
23032
23038
55192
8519
8554
10544
23283
26123
53905
9896
56145
92342
4065
10927
55718
10273
10150
23274
57149
55054
309
26229
29957
9173
8854
9112
135138
23598
287
23479
4285
388886
201626
57101
9935
283871
57406
23637
5909
64840
79608
11043
1832
55435
25998
25833
8189
5423
6814
64429
6856
6342
7812
23196
57379
3781
5573
8788
57498
9923
80060
23491
57634
404672
1687
9139
100293516
60485
10912
51150
9378
60312
788
55223
6237
6526
55167
4815
55876
11046
3855
3488
4090
5429
26001
57538
4801
2548
138151
25852
3231
10427
2972
9667
51090
8233
1620
26030
2260
6697
137886
55224
8737
79089
3597
319
54780
538
64852
56260
4325
1850
55958
474344
1454
60686
64856
338
79090
217
2329
5538
9529
55790
5445
23033
84444
54880
7342
10618
54832
3990
285203
114791
27343
7827
57818
8495
26277
6294
10636
57148
65110
54953
9623
260294
7145
220
10017
6813
240
23135
80094
6295
25879
4916
10768
6810
23329
3716
9512
4879
7092
23295
51550
4836
3354
10611
55193
8697
23241
55589
2060
6662
103910
23315
79611
6670
79871
51517
257407
7107
55288
5913
8801
23266
8814
6621
54922
9973
23309
78994
10850
7857
80746
441024
84193
51218
4824
7739
10295
5201
10493
22890
140609
10771
56062
53340
221960
23233
8630
4695
25963
79447
142684
5475
80023
5981
10846
8546
57828
7071
23360
79770
31
84656
28972
27245
3895
5819
55293
55245
3700
84658
7516
23312
9203
463
54967
5859
9044
1635
27229
81558
25861
79807
1808
693207
7776
1103
196441
10904
29953
9696
81926
5607
23291
23710
6399
56729
27430
8711
54507
8408
10654
4705
100129250
9534
5179
7249
55692
26525
23647
3000
54505
50624
64755
79664
4007
6464
51181
5430
2022
51105
11094
64848
6517
5649
9552
6830
27288
284325
1750
3714
26032
6293
51267
1130
53339
10208
80195
9752
38
85375
55227
1495
755
4267
92017
57092
70
9722
11248
8496
28971
22993
117246
22869
51103
59
26009
59307
23601
3356
9140
28955
10241
79934
1734
57213
57669
327
10396
10141
10188
64321
2309
23576
1911
51398
55275
79912
6474
55325
9969
26056
8521
7179
80212
79906
9843
9506
192670
3355
22876
6554
26063
9865
130916
60626
81539
7095
64172
9317
57799
9813
10529
10160
7757
22899
6911
6431
10782
23500
51646
51635
4855
728621
26082
7434
883
1550
23438
1576
8473
54873
1186
2029
80700
5190
6934
157869
2913
83452
11343
57664
5239
2157
10778
57198
10274
55702
23061
472
26953
9644
22818
1154
7200
25972
517
7155
202559
80069
392
2555
85021
9992
27287
5076
79097
56603
1571
3454
6157
2909
223
441204
79927
647288
10329
55768
7276
79176
11337
2274
1025
3760
2040
57178
4236
112869
23417
10395
55751
6383
10579
3641
9064
800
6777
55739
9695
2218
6667
598
686
25979
6370
1362
51315
64850
5569
8170
55023
60684
65018
6138
79066
1392
5168
3827
6407
23129
79828
55691
3772
5789
79175
84440
8029
56155
8803
4008
6015
100130741
49855
11080
7703
63973
6543
404093
2828
5890
9321
23351
51230
11318
79096
1268
64794
8916
157680
6400
9647
6276
535
3222
11068
80765
5382
5256
55512
7297
23091
256987
79768
22889
7375
1112
51066
9344
26240
5322
79917
11108
5580
11041
442421
79893
79815
4440
5786
60314
9604
2242
4724
29760
64131
29946
56255
23363
4638
9379
8515
8613
83482
3425
9764
64748
81847
6509
9467
4015
605
55139
126299
7846
6314
3456
4762
64077
554
354
27067
6311
4297
4548
23236
317648
7093
2110
3218
27075
55652
5802
11129
54960
3750
6939
125058
100287590
8501
63926
55802
10848
55716
55565
27314
406
27005
56267
2982
8504
79974
54903
158471
9180
2268
23587
11280
4752
54851
79637
79058
1558
2719
7025
415
5991
54902
9753
5187
6595
23081
80007
55119
11099
23515
9101
26052
51573
63826
28958
90806
84302
1910
79903
55596
534
905
54332
5287
51276
51422
9652
23411
55186
11285
10858
6405
5756
5354
7090
64081
55315
51141
26046
11276
2065
9956
2354
10240
4286
1549
10724
8481
54943
80235
4782
90333
80741
8727
56146
51385
5273
57615
8516
1856
9459
23517
27295
5333
112479
80227
9295
4070
9091
5994
2262
64132
26152
9730
3709
55295
6296
26119
7054
902
9879
51019
2977
4026
114884
7026
11018
79161
92249
79665
11034
26548
23495
9766
6546
5932
7743
4884
29072
8491
91807
4237
7423
54741
83604
100505498
10725
259217
54623
9528
79600
90326
8502
55756
85002
4335
4641
7626
4758
23524
25913
203069
90634
56947
3280
112611
3363
9939
118987
25850
8658
5218
140461
339290
83447
10748
29966
29079
9706
80347
92552
79414
5224
1215
54836
2263
55508
9351
10001
55214
4820
10423
65012
6990
4666
403
3081
57795
6567
7020
587
10242
23077
53353
64766
2729
4043
766
23519
3672
11334
23682
115
79874
420
54870
5310
157697
2632
7559
9620
23398
57513
55617
8325
1639
9874
90
54329
7169
9852
51554
375248
51063
79982
1070
6335
7082
80131
89797
50834
51332
546
10998
64122
284244
9779
5286
114034
7942
5891
6609
55015
56969
83464
9693
222
55035
54878
2114
100506963
728392
54916
120
9455
10014
9104
8558
51024
4317
80230
439921
10446
5930
64784
11216
8526
29108
2788
26092
26648
2967
9919
51213
79882
196403
8567
399
8498
9890
3550
4779
51295
2890
9802
53346
26469
51334
55148
23067
7057
54828
839
59351
2949
51761
60506
8714
64102
22868
4670
8790
783
10154
23232
9655
79744
389524
51222
7773
7072
5742
54682
55825
7286
55316
22871
10435
10223
5128
6879
84263
9045
10174
5532
5141
64772
84196
7158
23499
4350
23025
2150
10124
2009
10966
9945
83941
113835
50805
55145
5562
53616
4025
8626
729515
25769
55425
79742
63897
6894
54521
23263
54469
79006
3611
1105
55667
57104
8506
200576
4750
22859
54596
25836
4482
311
8434
29065
79646
7108
8479
55752
57038
7003
3880
3199
51368
79822
8405
22835
30
51279
757
4604
79782
131544
79086
687
6622
10336
178
9509
100505761
5394
81857
10865
4601
89941
23304
57556
1298
8019
3915
30845
1456
7070
64798
26959
6159
63941
55717
51747
23612
8289
9853
26053
7221
3321
84187
4130
56953
23670
83478
79961
56929
79774
7572
4345
50810
401630
64760
50632
81550
57835
5071
80740
4642
4985
10499
2516
23108
7130
387032
10668
54778
27247
51351
23189
5921
5824
114883
10050
29087
163590
6588
80115
3624
1353
10111
350
3386
1889
7139
22986
23555
689
100130331
5441
2897
4437
2
10314
146754
9633
26060
147657
579
200734
27091
5825
54621
8707
730092
399979
1004
26049
169522
6385
55164
10388
374868
2067
5884
124565
8929
3784
141
2874
1407
10681
710
64925
8649
6671
51520
10256
56848
8603
22828
26138
9098
79862
9946
282997
10585
7881
1992
4826
3375
154
9846
10753
80352
51569
6443
22909
9611
1760
3204
22878
23328
3315
466
368
91647
9975
221154
8924
56890
8321
6716
55578
54830
387509
11160
10761
55614
9732
63970
10106
5925
10401
4608
220988
55654
23107
54546
84820
4430
7711
55051
146057
64430
57343
9781
9172
145678
5673
1998
23230
777
57523
3664
113791
79729
9453
80008
5139
11140
23585
107
9265
3671
85352
55199
51421
22864
728882
9341
10947
2068
27065
9497
6744
56123
51127
1196
10484
2581
3891
388650
23201
2776
29931
118
55679
10420
7798
10140
8859
26156
27034
7693
51092
5158
7337
55909
72
2328
58486
65989
63920
11066
23361
27243
5530
8843
23409
5175
23265
1238
23001
28968
64860
4784
79628
29922
79981
5463
201229
4086
2702
55422
5639
5595
1806
54799
56339
26268
80114
6553
6532
6601
3092
5198
26952
54894
79696
6416
10025
574
339287
653423
6642
8609
23528
79612
10078
56112
4763
55061
84726
51299
11193
10550
22861
283232
4661
23339
27175
26118
25900
54806
8745
9648
9759
9563
29116
387535
6326
285527
729
23546
27332
5228
2869
57205
138050
9915
1005
9581
23405
253782
79137
23136
1997
7424
10211
120526
5768
144404
270
4122
94134
1107
8390
166
23074
6867
51023
23564
10229
5087
79666
1643
9807
6575
1499
64759
2295
57404
11328
5498
2155
6453
3140
80264
54872
8906
3316
9638
1718
79738
51292
4837
10863
56171
3232
266655
5162
51397
8945
10206
80254
9904
25959
63898
4636
29956
4921
9371
78991
79788
1601
54737
23708
3005
7157
6799
55634
23436
9486
11145
83660
4131
54477
2535
2209
79960
2013
84148
23544
26058
95681
57798
60468
55657
64418
57147
10284
1553
57876
23314
881
9720
1628
55258
5791
9584
8631
7639
7571
4776
23510
80000
9738
23075
5729
7844
51112
1373
5269
2880
84901
64787
957
162427
221037
79048
56674
1960
26007
1120
55616
57506
10233
6582
84859
6558
25970
627
2299
6821
2252
5261
953
408
29896
285282
55914
56912
55191
7059
23125
26084
9748
9236
2774
9583
64064
51340
22891
56951
607
56994
55105
2908
10265
64427
10521
10590
25790
54093
7138
51719
79741
4814
9902
8654
11138
2186
23493
92579
4088
51151
22881
35
23341
8459
10497
8556
3476
10424
22996
825
2703
92104
23741
9149
8660
3399
5563
490
398
64689
56986
163486
6430
6123
9687
55190
27445
26504
25823
22846
55576
6500
100169750
54554
23767
9947
8073
115703
23152
10290
108
23259
51427
8038
81031
11132
10522
9877
4057
55187
7696
5295
8322
2559
5926
4017
440515
6794
6649
9811
23390
51065
1288
7010
26020
5564
23591
284541
55846
10307
1387
23396
51257
9240
860
56897
23286
80705
29066
51310
37
9710
7768
268
3699
6778
57191
10268
2962
3567
9716
2752
7366
7770
11070
51285
51780
5204
8648
3221
80205
7767
10687
80006
23429
2735
50717
23506
84172
57337
4124
9445
54885
339105
6561
9988
64374
25875
2104
29882
665
28984
22875
5357
440738
9522
5164
54435
4811
55142
79818
770
53407
4303
2004
26105
224
4882
5547
51478
22873
23522
10231
55106
3382
3248
7320
57082
55696
126353
1203
21
845
79446
9256
57124
94
26010
3910
8106
5480
100129460
10365
55282
7536
10513
56985
79873
26054
2712
1952
6752
54856
23262
4739
10023
51447
56995
4123
51162
7755
9922
80201
25876
3371
55357
6258
79898
54826
2662
51093
6548
23243
9488
51131
2571
79841
23621
10793
22902
3082
1973
54879
5914
23177
12
25854
2878
23503
1470
23469
1291
2915
1823
23258
440352
29
10253
55285
2717
3373
8799
5745
22921
6337
7508
4066
441273
987
63971
55798
6578
57597
394
3275
51601
79842
54884
4602
9851
9482
283450
11215
100507436
4153
54859
220594
79153
1397
306
129642
54455
29119
3791
831
54785
22998
10406
23247
81790
92689
51564
1301
8452
55671
3215
2669
10633
1543
80167
375056
604
80184
5920
440026
10325
6750
23221
1027
90993
1028
4005
79966
22918
63901
182
85459
3441
5191
317662
427
55841
3554
51265
84939
374354
56547
79092
84986
4211
9413
5813
23272
55068
6787
55364
9858
51111
549
4920
388567
3736
10412
4435
10798
7084
27347
1958
322
7173
27147
126393
55788
6299
819
2098
150967
3643
54997
7402
25945
7474
2863
10004
460
4925
22841
1129
2322
11057
2619
79170
5016
11045
81545
51439
91298
9278
11259
64285
23113
54925
51669
7466
51616
56918
3043
55251
90864
2181
4222
29098
1975
56675
6776
64283
7201
379
6302
5624
558
84747
9231
3073
7716
55082
3240
54014
5816
55837
3174
3615
8743
3350
201134
29104
23089
1796
9024
170960
4238
57045
3490
114819
5836
81490
1917
79038
7779
55005
23047
55650
79875
7450
54103
79811
596
5590
23078
7259
2184
947
55304
6779
26011
81562
9187
3685
4300
84719
57020
1901
181
83955
27241
5099
2145
10087
3632
2746
225
3067
80757
81854
10410
283755
2823
51479
23111
9094
65258
25956
9252
2034
51164
54808
9617
159162
6468
7596
54558
79629
3340
51185
1942
9905
29911
26094
55213
22796
55335
79858
9310
7552
1472
79831
55028
2078
6478
9976
114932
4216
1519
8644
23556
1548
27076
7561
23270
80781
4861
29068
9724
10217
78987
57804
5283
482
1843
2272
80762
79642
22829
5592
51706
9315
4179
26273
28966
11162
7168
54869
79625
79923
7638
2169
8840
2149
8672
948
282808
27129
9666
27303
1490
81855
9284
23550
54209
1280
26145
50486
440073
2517
4804
676
11197
64388
2803
81797
51454
5095
100506658
4628
9736
1306
5025
51170
25864
54996
399491
9124
7840
27306
57419
55102
55911
4887
3931
23426
1621
29995
3882
5737
8646
4314
28986
51281
80169
79754
27232
324
389136
8633
10609
80070
6586
51585
51097
9627
3964
10272
100509635
678
6707
196
171586
6019
8204
8678
4881
66008
113177
3875
1429
3675
126070
100129482
2872
3213
80724
8425
595
645644
2628
1781
8412
8082
54941
3202
8863
11211
63931
5021
26036
8334
10142
10868
977
79860
54819
7556
2826
2318
4018
65124
55693
26037
55779
58190
23284
23639
80021
10085
84162
9814
9023
80024
57061
2261
844
9743
4194
55450
80823
11194
4054
6252
3223
9501
54463
92482
10040
4885
81627
9810
2804
23430
7248
65084
7733
23338
79781
54813
11001
7746
79136
25837
10979
6322
388969
81890
23148
9162
51435
64743
80215
11005
7089
11059
54465
6843
1038
115207
4256
3426
25960
6844
79618
23181
4929
23176
222161
64112
26999
4685
4212
100506190
84159
33
55890
221443
23041
1185
23015
6419
8848
55623
22908
2488
9895
57711
3483
6041
22982
7482
100506282
9208
126017
11030
3216
444
187
79772
54820
4692
8552
9900
55128
51710
5334
1235
51205
26035
26048
5799
5837
79645
55727
6764
55686
9185
7769
11076
114882
63934
51686
114876
8910
23022
629
79411
10464
26297
79026
573
9639
540
8605
5311
23037
80279
57515
3233
57326
5797
26234
8777
83714
347344
55608
84436
7106
4499
91694
26249
10224
6403
83483
113178
64236
2246
22863
23194
54482
7837
729799
4753
56271
27165
2701
1389
169611
27122
4734
9452
10016
80303
80059
10612
2232
59348
5029
140890
4803
219699
11226
23462
23268
590
2259
23588
11180
8604
3087
10252
1809
79641
55709
7042
57134
79868
65981
167227
27039
3912
29928
7539
1793
10827
51754
9924
6563
23122
3397
3155
23255
57493
55311
2206
80095
84059
55556
64393
25901
8825
866
4208
2954
221395
66036
4322
3212
6196
11075
1528
93164
63924
3104
5919
79025
55084
3790
2012
11223
23635
22849
91949
7188
55643
167
7695
6785
253461
5396
26115
7923
3270
100616127
64320
29997
2817
387263
54796
64600
3400
5197
93129
9422
11019
8418
9847
154661
100507605
55246
55758
4329
57613
55610
26470
3590
284119
9649
57415
79762
10039
81602
6717
6584
8622
6709
8722
54665
6694
79589
100132341
100505494
9353
751816
1902
116828
55086
140467
6003
57834
6037
23253
4013
9665
7507
79844
2308
64097
54453
55629
10795
3752
26045
9411
1278
79789
316
56605
9854
390940
54662
8623
1907
8829
7700
79800
64792
7048
2843
6309
6817
5252
253959
79783
24146
10216
57126
79679
4077
553
1511
80267
151011
8100
50650
79957
51280
753
2934
55762
124152
22862
6583
100287387
57644
100130958
22977
55793
4589
80052
2042
55766
10641
6450
27134
323
80263
1831
6451
81856
5176
201163
1003
10903
9630
4060
1581
10559
283
57731
7586
481
54843
8642
9855
8448
2494
7358
9274
30008
54795
23410
414
1735
80017
28990
8436
8527
7869
9836
64080
2353
10370
9765
22905
5753
56172
11275
1277
3953
54441
285231
81617
55776
57730
55384
9812
64284
6340
7905
164656
221981
23365
1140
51339
79652
7691
1384
8773
256949
57037
7078
7318
7728
6938
53373
51626
728215
80164
862
5549
2241
8991
5950
22795
55778
25949
22894
79963
2638
340351
2166
159963
54961
79365
5193
4747
160518
122616
23387
2846
7216
2057
9120
5860
5627
64699
727
79899
10516
50865
80039
64927
81578
5412
55026
23452
4311
1293
2247
1295
79684
7673
58494
6414
10580
27254
283537
6591
911
56944
4588
91775
55152
79656
54810
51294
51643
81698
64788
26575
2620
60481
55056
1848
210
2281
10398
5243
4744
54838
162972
80108
29798
5468
55204
5166
7741
5787
155060
9867
55900
22915
8310
79987
373
8406
80760
10411
25999
10103
50507
6695
10180
9668
1393
84809
358
56904
1012
8835
221078
27136
275
6448
54861
1272
23461
5064
51364
5108
9940
57608
55198
10884
89795
9742
2845
81603
23345
79634
79999
6876
10826
6469
51117
57007
10781
900
9961
216
2691
79269
11031
55799
728448
8076
64847
3306
2868
54551
5793
6812
5874
7754
273
64221
55742
10614
11346
4681
26509
9778
23389
653483
10203
5118
196483
55063
347240
51314
1102
4926
24139
5493
80208
6625
8553
2192
84851
1281
9578
56898
10181
79686
10560
4023
146542
8522
51809
7644
27434
55930
83700
55701
11012
2530
1592
2948
5172
23126
79973
10581
57658
22832
54360
90865
25957
79673
582
79776
5136
10218
50509
65997
9823
594
11167
54629
7056
4319
1290
57728
8470
58495
23005
7227
2317
4246
9457
23359
7220
4214
9886
55830
79088
57125
7357
3485
9037
9365
146691
10324
55064
7350
57763
1733
79160
90338
81029
79819
5863
25903
3952
80127
54875
1149
5577
126
10879
585
80704
55970
3295
1513
57035
57396
3489
3176
64087
3751
2946
3778
7075
1675
55273
7832
5618
5274
54681
79812
100272216
10279
7594
55805
79068
57235
638
7058
9247
8864
6310
51673
51232
10740
761
83989
4671
116496
1657
477
4488
643641
9073
10486
5002
79884
25759
79633
80035
93664
8537
283298
1009
6653
11096
5733
81789
2202
10161
5244
80323
91977
80022
29951
4313
5502
56034
55194
84869
27092
80072
55314
23324
3625
3861
57212
91851
80216
4337
51133
2199
10610
29994
2944
113146
10468
6444
1047
85458
956
54502
23677
56654
10628
27239
3693
9201
6320
901
85477
51474
9369
22906
9891
55821
10769
54988
79667
10536
1294
6253
4254
9121
3075
8611
8786
9499
1501
57509
3899
4856
24142
26018
6720
7494
2621
2191
23492
2273
6925
4121
10520
9052
2099
3480
1360
6594
51157
6097
7102
7481
23116
400451
4653
1195
5764
5988
91754
54508
79891
6387
8528
4832
2674
23327
6833
7162
4908
11213
55680
744
201895
56920
3305
140597
64123
5159
27244
1471
56892
1953
22834
11117
10455
3991
3263
857
7593
57496
3339
2203
7079
443
1462
1396
1153
1289
1292
10512
775
116039
9674
10391
126231
64800
79921
51309
90355
25827
23446
55184
388
3908
79777
4674
57332
4016
25878
5101
23743
2045
79659
11257
80097
6542
5364
10916
55893
5205
1909
1589
2690
92973
290
7761
3909
4053
8817
83716
51409
5138
6678
79443
23627
84179
54816
11201
10129
2819
57161
138162
55733
63895
79953
5783
542767
65055
1955
64921
23171
2550
23331
1363
4741
53832
54985
9223
4306
1296
26353
6571
220972
23460
7033
8938
9658
23428
11039
81669
23030
79750
80221
283796
7704
5376
54762
10207
55112
7041
55786
8292
7433
89927
4035
51363
9677
8821
174
81493
79624
150759
4915
5125
2813
633
4487
5380
51306
79759
55812
3249
10230
1191
658
32
23414
27098
54361
25803
54970
5167
11069
29903
213
2737
79843
4646
10443
3800
8639
9077
23117
5350
10752
8309
65250
8800
10003
2162
9135
4081
64061
55268
5744
90627
11188
6857
8228
10418
2239
23245
79940
26033
1842
2615
25800
6947
2121
4922
165
5654
11098
10631
9429
161291
1805
81035
26960
643376
100126791
2151
2331
55800
4223
4485
55638
23541
55888
10186
3551
3730
100462953
2487
54674
84786
4886
10472
9498
10873
58503
23303
388677
347
55857
1746
10788
2152
1264
214
4213
83450
247
29990
2697
54587
3131
9590
9576
2791
63923
7786
185
6919
55107
4330
7043
4675
65982
1811
3357
25992
6863
2205
55769
26040
728093
5104
51226
1359
30846
53829
83468
9828
26137
1036
114327
2953
2952
3913
6935
54585
9737
2891
9079
27123
253190
57551
25799
6297
3487
50853
5327
9863
367
10202
4982
8404
202181
55296
51149
576
1300
57088
23261
1473
80206
3667
7349
51466
347902
375449
25802
79971
2200
1634
5157
79883
131578
1346
4128
66002
8382
4059
36
9607
51751
54847
7694
2947
54677
79932
4056
6898
2825
3572
7177
54898
150
8490
80162
1287
4582
23371
79864
7049
563
3679
219654
4117
56967
2053
27324
7503
7060
7122
10157
9358
7031
6926
51380
23024
100130449
90362
64084
7166
1489
55663
3479
9723
9254
9796
55103
11081
4680
6505
5348
6424
2006
27124
57535
55592
10451
7373
9338
55568
114899
284266
55714
1846
79603
55259
79825
2743
18
79785
8972
10266
80310
643314
1307
776
4129
9370
196740
25924
8857
1602
51161
3708
23090
10742
51760
9122
10699
8416
60598
79148
64799
4629
1556
55096
26289
6038
771
51313
23704
3117
80129
23158
125
4958
4857
1311
5105
5174
730
2018
81563
2532
1308
4250
23362
2167
51705
2593
652
80736
4036
57502
5507
56521
22885
4137
8483
8839
2066
4693
4148
79083
1101
3158
3169
5346
1408
9547
2922
11283
64499
54829
1524
10234
1580
10647
25893
24141
10351
2330
5304
79846
8614
2625
7021
7802
79689
11122
55351
9
4239
5241
10551
10974
79838
79901
57758
4969
